1 30000
2 30000
3 30000
4 30000
5 40000
6 40000
7 40000
8 50000
9 50000
10 50000
11 50000
12 50000
13 60000
14 60000
15 60000
16 60000
17 60389
18 60389
19 60389
20 60389
21 60389
22 60389
23 80108
24 80108
25 80108
26 80108
27 80108
28 80108
29 80108
30 80108
31 80108
32 80108
33 80108
34 80108
35 80108
36 80108
37 80108
38 80108
39 80108
40 80108
41 80108
42 80108
43 80108
44 80108
45 80108
46 80108
47 80108
48 80108
49 80108
50 80108
51 80108
52 80108
53 80108
54 80108
55 80108
56 80108
57 80108
58 80108
59 80108
60 80108
61 80108
62 80108
63 80108
64 80108
65 80108
66 80108
67 80108
68 80108
69 80108
70 80108
71 80108
72 80108
73 80108
74 80108
75 80108
76 80108
77 80108
78 80108
79 80108
80 80108
81 80108
82 80108
83 80108
84 80108
85 80108
86 80108
87 80108
88 80165
89 80165
90 80165
91 80165
92 80165
93 80165
94 80165
95 80165
96 80165
97 80165
98 80165
99 80165
100 80165
101 80165
102 80165
103 80165
104 80165
105 80165
106 80165
107 80165
108 80165
109 80165
110 90236
111 90236
112 90236
113 90236
114 90236
115 90236
116 90236
117 90236
118 90236
119 90236
120 90236
121 90236
122 90236
123 90236
124 90236
125 90236
126 90236
127 90236
128 90236
129 90236
130 90236
131 90236
132 90236
133 90236
134 90236
135 90236
136 90236
137 90236
138 90236
139 90236
140 90236
141 90236
142 90236
143 90236
144 90236
145 90236
146 90236
147 90236
148 90236
149 90236
150 90236
151 90236
152 90236
153 90236
154 90236
155 90236
156 90236
157 90236
158 90236
159 90236
160 90236
161 90236
162 90236
163 90236
164 90236
165 90236
166 90236
167 90236
168 90236
169 90236
170 90236
171 90236
172 90236
173 90236
174 90236
175 90236
176 90236
177 90236
178 90236
179 90236
180 90236
181 90236
182 90236
183 90236
184 90236
185 90236
186 90236
187 90236
188 90236
189 90236
190 90236
191 90236
192 90236
193 90236
194 90236
195 90236
196 90236
197 90236
198 90236
199 90236
200 90236
201 90236
202 90236
203 90236
204 90236
205 90236
206 90236
207 90236
208 90236
209 90236
210 90236
211 90236
212 90236
213 90236
214 90236
215 90236
216 90236
217 90236
218 90236
219 90236
220 90236
221 90236
222 90236
223 90236
224 90236
225 90470
226 90470
227 90470
228 90470
229 90470
230 90470
231 90470
232 90470
233 90470
234 90470
235 90470
236 90470
237 90470
238 90470
239 90470
240 90470
241 90470
242 90470
243 90470
244 90470
245 90470
246 90470
247 90470
248 90470
249 90470
250 90470
251 90470
252 90470
253 90470
254 90470
255 90470
256 90470
257 90470
258 90470
259 90470
260 90470
261 90470
262 90470
263 90470
264 90470
265 90470
266 90470
267 90470
268 90470
269 90470
270 90470
271 90470
272 90470
273 90470
274 90470
275 90470
276 90470
277 90470
278 90470
279 90470
280 90470
281 90470
282 90470
283 90470
284 90470
285 90470
286 90470
287 90470
288 90470
289 90470
290 90470
291 90470
292 90470
293 90470
294 90470
295 90470
296 90470
297 90470
298 90470
299 90470
300 90470
301 90470
302 90470
303 90470
304 90470
305 90470
306 90470
307 90470
308 90470
309 90470
310 90470
311 90470
312 90470
313 90470
314 90470
315 90470
316 90470
317 90470
318 90470
319 90470
320 90470
321 90470
322 90470
323 90470
324 90470
325 90470
326 90470
327 90470
328 90470
329 90470
330 90470
331 90470
332 90470
333 90470
334 90470
335 90470
336 90470
337 90470
338 90470
339 90470
340 90470
341 90470
342 90470
343 90470
344 90470
345 90470
346 90470
347 90470
348 90470
349 90470
350 90470
351 90470
352 90470
353 90470
354 90470
355 90470
356 90470
357 90470
358 90470
359 90470
360 90470
361 90470
362 90470
363 90470
364 90470
365 90470
366 90470
367 90470
368 90470
369 90470
370 90470
371 90470
372 90470
373 90470
374 90470
375 90470
376 90470
377 90470
378 90470
379 90470
380 90470
381 90470
382 90470
383 90470
384 90470
385 90470
386 90470
387 90470
388 90470
389 90470
390 90470
391 90470
392 90470
393 90470
394 90470
395 90470
396 90470
397 90470
398 90470
399 90470
400 90470
401 90470
402 90470
403 90470
404 90470
405 90470
406 90470
407 90470
408 90470
409 90470
410 90470
411 90470
412 90470
413 90470
414 90470
415 90470
416 90470
417 90470
418 90470
419 90470
420 90470
421 90470
422 90470
423 90470
424 90470
425 90470
426 90470
427 90470
428 90470
429 90470
430 90470
431 90470
432 90470
433 90470
434 90470
435 90470
436 90470
437 90470
438 90470
439 90470
440 90470
441 90470
442 90470
443 90470
444 90470
445 90470
446 90470
447 90470
448 90470
449 90470
450 90470
451 90470
452 90470
453 90470
454 90470
455 90470
456 90470
457 90470
458 90470
459 90470
460 90470
461 90470
462 90470
463 90470
464 90470
465 90470
466 90470
467 90470
468 90470
469 90470
470 90470
471 90470
472 90470
473 90470
474 90470
475 90470
476 90470
477 90470
478 90470
479 90470
480 90470
481 90470
482 90470
483 90470
484 90470
485 90470
486 90470
487 90470
488 90470
489 90470
490 90470
491 90470
492 90470
493 90470
494 90470
495 90470
496 90470
497 90470
498 90470
499 90470
500 90470
501 90470
502 90470
503 90470
504 90470
505 90470
506 90470
507 90470
508 90470
509 90470
510 90470
511 90470
512 90470
513 90470
514 90470
515 90470
516 90470
517 90470
518 90470
519 90470
520 90470
521 90470
522 90678
523 90678
524 90678
525 90678
526 90678
527 90678
528 90678
529 90678
530 90678
531 90678
532 90678
533 90678
534 90678
535 90678
536 90678
537 90678
538 90678
539 90678
540 90678
541 90678
542 90678
543 90678
544 90678
545 90678
546 90678
547 90678
548 90678
549 90678
550 90678
551 90678
552 90678
553 90678
554 90678
555 90678
556 90678
557 90678
558 90678
559 90678
560 90678
561 90678
562 90678
563 90678
564 90678
565 90678
566 90678
567 90678
568 90678
569 90682
570 90682
571 90682
572 90682
573 90682
574 90682
575 90682
576 90682
577 90682
578 90682
579 90682
580 90682
581 90682
582 90682
583 90682
584 90682
585 90682
586 90682
587 90682
588 90682
589 90682
590 90682
591 90682
592 90682
593 90682
594 90682
595 90682
596 90682
597 90682
598 90682
599 90682
600 90682
601 90682
602 90682
603 90682
604 90682
605 90682
606 90682
607 90682
608 90682
609 90682
610 90682
611 90682
612 90682
613 90682
614 90682
615 90682
616 90682
617 90682
618 90682
619 90682
620 90682
621 90682
622 90682
623 90682
624 90682
625 90682
626 90682
627 90682
628 90682
629 90682
630 90682
631 90682
632 90682
633 90682
634 90682
635 90682
636 90682
637 90682
638 90682
639 90682
640 90682
641 90682
642 90682
643 90682
644 90682
645 90682
646 90682
647 90682
648 90682
649 90682
650 90682
651 90682
652 90682
653 90682
654 90682
655 90682
656 90682
657 90682
658 90682
659 90682
660 90682
661 90682
662 90682
663 90682
664 90682
665 90682
666 90682
667 90682
668 90682
669 90682
670 90682
671 90682
672 90682
673 90682
674 90682
675 90682
676 90682
677 90682
678 90682
679 90682
680 90682
681 90682
682 90682
683 90682
684 90682
685 90682
686 90682
687 90682
688 90682
689 90682
690 90682
691 90682
692 90682
693 90682
694 90682
695 90682
696 90682
697 90682
698 90682
699 90682
700 90682
701 90682
702 90682
703 90685
704 90685
705 90685
706 90685
707 90685
708 90685
709 90685
710 90685
711 90685
712 90685
713 90685
714 90685
715 90685
716 90685
717 90685
718 90685
719 90685
720 90685
721 90685
722 90685
723 90685
724 90685
725 90685
726 90685
727 90685
728 90685
729 90685
730 90685
731 90685
732 90685
733 90685
734 90685
735 90685
736 90685
737 90685
738 90685
739 90685
740 90685
741 90685
742 90685
743 90685
744 90685
745 90685
746 90685
747 90685
748 90685
749 90685
750 90685
751 90685
752 90685
753 90685
754 90685
755 90685
756 90685
757 90685
758 90685
759 90685
760 90685
761 90685
762 90685
763 90685
764 90685
765 90685
766 90685
767 90685
768 90685
769 90685
770 90685
771 90685
772 90685
773 90685
774 90685
775 90685
776 90685
777 90685
778 90685
779 90685
780 90685
781 90685
782 90685
783 90685
784 90685
785 90685
786 90685
787 90685
788 90685
789 90685
790 90685
791 90685
792 90685
793 90685
794 90685
795 90685
796 90685
797 90685
798 90685
799 90685
800 90685
801 90685
802 90685
803 90685
804 90685
805 90685
806 90685
807 90685
808 90685
809 90685
810 90685
811 90685
812 90685
813 90685
814 90685
815 90685
816 90685
817 90685
818 90685
819 90685
820 90685
821 90685
822 90685
823 90685
824 90685
825 90685
826 90685
827 90685
828 90685
829 90685
830 90685
831 90685
832 90685
833 90685
834 90685
835 90685
836 90685
837 90685
838 90685
839 90685
840 90685
841 90685
842 90685
843 90685
844 90685
845 90685
846 90685
847 90685
848 90685
849 90685
850 90685
851 90685
852 90685
853 90685
854 90685
855 90685
856 90685
857 90685
858 90685
859 90685
860 90685
861 90685
862 90685
863 90685
864 90685
865 90685
866 90685
867 90685
868 90685
869 90685
870 90685
871 90685
872 90685
873 90685
874 90685
875 90685
876 90685
877 90685
878 90685
879 90685
880 90685
881 90685
882 90685
883 90685
884 90685
885 90685
886 90685
887 90685
888 90685
889 90685
890 90685
891 90685
892 90685
893 90685
894 90685
895 90685
896 90685
897 90685
898 90685
899 90685
900 90685
901 90685
902 90685
903 90685
904 90685
905 90685
906 90685
907 90685
908 90685
909 90685
910 90685
911 90685
912 90685
913 90685
914 90685
915 90685
916 90685
917 90685
918 90685
919 90685
920 90685
921 90685
922 90685
923 90685
924 90685
925 90685
926 90685
927 90685
928 90685
929 90685
930 90685
931 90685
932 90685
933 90685
934 90685
935 90685
936 90685
937 90685
938 90685
939 90685
940 90685
941 90685
942 90685
943 90685
944 90685
945 90685
946 90685
947 90685
948 90685
949 90685
950 90685
951 90685
952 90685
953 90685
954 90685
955 90685
956 90685
957 90685
958 90685
959 90685
960 90685
961 90685
962 90685
963 90685
964 90685
965 90685
966 90685
967 90685
968 90685
969 90685
970 90685
971 90685
972 90685
973 90685
974 90685
975 90685
976 90685
977 90685
978 90685
979 90685
980 90685
981 90685
982 90685
983 90685
984 90685
985 90685
986 90685
987 90685
988 90685
989 90685
990 90685
991 90685
992 90685
993 90685
994 90685
995 90685
996 90685
997 90685
998 90685
999 90685
1000 90685
