1 0,84341592666143
2 0,84341592666143
3 0,84341592666143
4 0,84341592666143
5 0,84341592666143
6 0,84341592666143
7 0,84341592666143
8 0,84341592666143
9 0,84341592666143
10 0,84341592666143
11 0,84341592666143
12 0,84341592666143
13 0,84341592666143
14 0,84341592666143
15 0,84341592666143
16 0,84341592666143
17 0,84341592666143
18 0,84341592666143
19 0,84341592666143
20 0,84341592666143
21 0,84341592666143
22 0,84341592666143
23 0,84341592666143
24 0,84341592666143
25 0,84341592666143
26 0,84341592666143
27 0,84341592666143
28 0,84341592666143
29 0,84341592666143
30 0,84341592666143
31 0,84341592666143
32 0,84341592666143
33 0,84341592666143
34 0,84341592666143
35 0,84341592666143
36 0,84341592666143
37 0,84341592666143
38 0,84341592666143
39 0,84341592666143
40 0,84341592666143
41 0,84341592666143
42 0,84341592666143
43 0,84341592666143
44 0,84341592666143
45 0,84341592666143
46 0,84341592666143
47 0,84341592666143
48 0,84341592666143
49 0,84341592666143
50 0,84341592666143
51 0,84341592666143
52 0,84341592666143
53 0,84341592666143
54 0,84341592666143
55 0,84341592666143
56 0,84341592666143
57 0,84341592666143
58 0,84341592666143
59 0,84341592666143
60 0,84341592666143
61 0,84341592666143
62 0,84341592666143
63 0,84341592666143
64 0,84341592666143
65 0,84341592666143
66 0,84341592666143
67 0,84341592666143
68 0,84341592666143
69 0,84341592666143
70 0,84341592666143
71 0,84341592666143
72 0,84341592666143
73 0,84341592666143
74 0,84341592666143
75 0,84341592666143
76 0,84341592666143
77 0,84341592666143
78 0,84341592666143
79 0,84341592666143
80 0,84341592666143
81 0,84341592666143
82 0,84341592666143
83 0,84341592666143
84 0,84341592666143
85 0,84341592666143
86 0,84341592666143
87 0,84341592666143
88 0,84341592666143
89 0,84341592666143
90 0,84341592666143
91 0,84341592666143
92 0,84341592666143
93 0,84341592666143
94 0,84341592666143
95 0,84341592666143
96 0,84341592666143
97 0,84341592666143
98 0,84341592666143
99 0,84341592666143
100 0,84341592666143
101 0,84341592666143
102 0,84341592666143
103 0,84341592666143
104 0,84341592666143
105 0,84341592666143
106 0,84341592666143
107 0,84341592666143
108 0,84341592666143
109 0,84341592666143
110 0,84341592666143
111 0,84341592666143
112 0,84341592666143
113 0,84341592666143
114 0,84341592666143
115 0,84341592666143
116 0,84341592666143
117 0,84341592666143
118 0,84341592666143
119 0,84341592666143
120 0,84341592666143
121 0,84341592666143
122 0,84341592666143
123 0,84341592666143
124 0,84341592666143
125 0,84341592666143
126 0,84341592666143
127 0,84341592666143
128 0,84341592666143
129 0,84341592666143
130 0,84341592666143
131 0,84341592666143
132 0,84341592666143
133 0,84341592666143
134 0,84341592666143
135 0,84341592666143
136 0,84341592666143
137 0,84341592666143
138 0,84341592666143
139 0,84341592666143
140 0,84341592666143
141 0,84341592666143
142 0,84341592666143
143 0,84341592666143
144 0,84341592666143
145 0,84341592666143
146 0,84341592666143
147 0,84341592666143
148 0,84341592666143
149 0,84341592666143
150 0,84341592666143
151 0,84341592666143
152 0,84341592666143
153 0,84341592666143
154 0,84341592666143
155 0,84341592666143
156 0,84341592666143
157 0,84341592666143
158 0,84341592666143
159 0,84341592666143
160 0,84341592666143
161 0,84341592666143
162 0,84341592666143
163 0,84341592666143
164 0,84341592666143
165 0,84341592666143
166 0,84341592666143
167 0,84341592666143
168 0,84341592666143
169 0,84341592666143
170 0,84341592666143
171 0,84341592666143
172 0,84341592666143
173 0,84341592666143
174 0,84341592666143
175 0,84341592666143
176 0,84341592666143
177 0,84341592666143
178 0,84341592666143
179 0,84341592666143
180 0,84341592666143
181 0,84341592666143
182 0,84341592666143
183 0,84341592666143
184 0,84341592666143
185 0,84341592666143
186 0,84341592666143
187 0,84341592666143
188 0,84341592666143
189 0,84341592666143
190 0,84341592666143
191 0,84341592666143
192 0,84341592666143
193 0,84341592666143
194 0,84341592666143
195 0,84341592666143
196 0,84341592666143
197 0,84341592666143
198 0,84341592666143
199 0,84341592666143
200 0,84341592666143
201 0,84341592666143
202 0,84341592666143
203 0,84341592666143
204 0,84341592666143
205 0,84341592666143
206 0,84341592666143
207 0,84341592666143
208 0,84341592666143
209 0,84341592666143
210 0,84341592666143
211 0,84341592666143
212 0,84341592666143
213 0,84341592666143
214 0,84341592666143
215 0,84341592666143
216 0,84341592666143
217 0,84341592666143
218 0,84341592666143
219 0,84341592666143
220 0,84341592666143
221 0,84341592666143
222 0,84341592666143
223 0,84341592666143
224 0,84341592666143
225 0,84341592666143
226 0,84341592666143
227 0,84341592666143
228 0,84341592666143
229 0,84341592666143
230 0,84341592666143
231 0,84341592666143
232 0,84341592666143
233 0,84341592666143
234 0,84341592666143
235 0,84341592666143
236 0,84341592666143
237 0,84341592666143
238 0,84341592666143
239 0,84341592666143
240 0,84341592666143
241 0,84341592666143
242 0,84341592666143
243 0,84341592666143
244 0,84341592666143
245 0,84341592666143
246 0,84341592666143
247 0,84341592666143
248 0,84341592666143
249 0,84341592666143
250 0,84341592666143
251 0,84341592666143
252 0,84341592666143
253 0,84341592666143
254 0,84341592666143
255 0,84341592666143
256 0,84341592666143
257 0,84341592666143
258 0,84341592666143
259 0,84341592666143
260 0,84341592666143
261 0,84341592666143
262 0,84341592666143
263 0,84341592666143
264 0,84341592666143
265 0,84341592666143
266 0,84341592666143
267 0,84341592666143
268 0,84341592666143
269 0,84341592666143
270 0,84341592666143
271 0,84341592666143
272 0,84341592666143
273 0,84341592666143
274 0,84341592666143
275 0,84341592666143
276 0,84341592666143
277 0,84341592666143
278 0,84341592666143
279 0,84341592666143
280 0,84341592666143
281 0,84341592666143
282 0,84341592666143
283 0,84341592666143
284 0,84341592666143
285 0,84341592666143
286 0,84341592666143
287 0,84341592666143
288 0,84341592666143
289 0,84341592666143
290 0,84341592666143
291 0,84341592666143
292 0,84341592666143
293 0,84341592666143
294 0,84341592666143
295 0,84341592666143
296 0,84341592666143
297 0,84341592666143
298 0,84341592666143
299 0,84341592666143
300 0,84341592666143
301 0,84341592666143
302 0,84341592666143
303 0,84341592666143
304 0,84341592666143
305 0,84341592666143
306 0,84341592666143
307 0,84341592666143
308 0,84341592666143
309 0,84341592666143
310 0,84341592666143
311 0,84341592666143
312 0,84341592666143
313 0,84341592666143
314 0,84341592666143
315 0,84341592666143
316 0,84341592666143
317 0,84341592666143
318 0,84341592666143
319 0,84341592666143
320 0,84341592666143
321 0,84341592666143
322 0,84341592666143
323 0,84341592666143
324 0,84341592666143
325 0,84341592666143
326 0,84341592666143
327 0,84341592666143
328 0,84341592666143
329 0,84341592666143
330 0,84341592666143
331 0,84341592666143
332 0,84341592666143
333 0,84341592666143
334 0,84341592666143
335 0,84341592666143
336 0,84341592666143
337 0,84341592666143
338 0,84341592666143
339 0,84341592666143
340 0,84341592666143
341 0,84341592666143
342 0,84341592666143
343 0,84341592666143
344 0,84341592666143
345 0,84341592666143
346 0,84341592666143
347 0,84341592666143
348 0,84341592666143
349 0,84341592666143
350 0,84341592666143
351 0,84341592666143
352 0,84341592666143
353 0,84341592666143
354 0,84341592666143
355 0,84341592666143
356 0,84341592666143
357 0,84341592666143
358 0,84341592666143
359 0,84341592666143
360 0,84341592666143
361 0,84341592666143
362 0,84341592666143
363 0,84341592666143
364 0,84341592666143
365 0,84341592666143
366 0,84341592666143
367 0,84341592666143
368 0,84341592666143
369 0,84341592666143
370 0,84341592666143
371 0,84341592666143
372 0,84341592666143
373 0,84341592666143
374 0,84341592666143
375 0,84341592666143
376 0,84341592666143
377 0,84341592666143
378 0,84341592666143
379 0,84341592666143
380 0,84341592666143
381 0,84341592666143
382 0,84341592666143
383 0,84341592666143
384 0,84341592666143
385 0,84341592666143
386 0,84341592666143
387 0,84341592666143
388 0,84341592666143
389 0,84341592666143
390 0,84341592666143
391 0,84341592666143
392 0,84341592666143
393 0,84341592666143
394 0,84341592666143
395 0,84341592666143
396 0,84341592666143
397 0,84341592666143
398 0,84341592666143
399 0,84341592666143
400 0,84341592666143
401 0,84341592666143
402 0,84341592666143
403 0,84341592666143
404 0,84341592666143
405 0,84341592666143
406 0,84341592666143
407 0,84341592666143
408 0,84341592666143
409 0,84341592666143
410 0,84341592666143
411 0,84341592666143
412 0,84341592666143
413 0,84341592666143
414 0,84341592666143
415 0,84341592666143
416 0,84341592666143
417 0,84341592666143
418 0,84341592666143
419 0,84341592666143
420 0,84341592666143
421 0,84341592666143
422 0,84341592666143
423 0,84341592666143
424 0,84341592666143
425 0,84341592666143
426 0,84341592666143
427 0,84341592666143
428 0,84341592666143
429 0,84341592666143
430 0,84341592666143
431 0,84341592666143
432 0,84341592666143
433 0,84341592666143
434 0,84341592666143
435 0,84341592666143
436 0,84341592666143
437 0,84341592666143
438 0,84341592666143
439 0,84341592666143
440 0,84341592666143
441 0,84341592666143
442 0,84341592666143
443 0,84341592666143
444 0,84341592666143
445 0,84341592666143
446 0,84341592666143
447 0,84341592666143
448 0,84341592666143
449 0,84341592666143
450 0,84341592666143
451 0,84341592666143
452 0,84341592666143
453 0,84341592666143
454 0,84341592666143
455 0,84341592666143
456 0,84341592666143
457 0,84341592666143
458 0,84341592666143
459 0,84341592666143
460 0,84341592666143
461 0,84341592666143
462 0,84341592666143
463 0,84341592666143
464 0,84341592666143
465 0,84341592666143
466 0,84341592666143
467 0,84341592666143
468 0,84341592666143
469 0,84341592666143
470 0,84341592666143
471 0,84341592666143
472 0,84341592666143
473 0,84341592666143
474 0,84341592666143
475 0,84341592666143
476 0,84341592666143
477 0,84341592666143
478 0,84341592666143
479 0,84341592666143
480 0,84341592666143
481 0,84341592666143
482 0,84341592666143
483 0,84341592666143
484 0,84341592666143
485 0,84341592666143
486 0,84341592666143
487 0,84341592666143
488 0,84341592666143
489 0,84341592666143
490 0,84341592666143
491 0,84341592666143
492 0,84341592666143
493 0,84341592666143
494 0,84341592666143
495 0,84341592666143
496 0,84341592666143
497 0,84341592666143
498 0,84341592666143
499 0,84341592666143
500 0,84341592666143
501 0,84341592666143
502 0,84341592666143
503 0,84341592666143
504 0,84341592666143
505 0,84341592666143
506 0,84341592666143
507 0,84341592666143
508 0,84341592666143
509 0,84341592666143
510 0,84341592666143
511 0,84341592666143
512 0,84341592666143
513 0,84341592666143
514 0,84341592666143
515 0,84341592666143
516 0,84341592666143
517 0,84341592666143
518 0,84341592666143
519 0,84341592666143
520 0,84341592666143
521 0,84341592666143
522 0,84341592666143
523 0,84341592666143
524 0,84341592666143
525 0,84341592666143
526 0,84341592666143
527 0,84341592666143
528 0,84341592666143
